{
    "P2GM453B001": {
        "type": "RVC",
        "sn": "P2GM453B001",
        "sensor_name": "DP5330",
        "select_camera": "CameraID_0",
        "frame_pose": [
            [
                1.0,
                0.0,
                0.0,
                0.0
            ],
            [
                0.0,
                1.0,
                0.0,
                0.0
            ],
            [
                0.0,
                0.0,
                1.0,
                0.0
            ],
            [
                0.0,
                0.0,
                0.0,
                1.0
            ]
        ],
        "post_process_config": {
            "crop_by_plane": {
                "crop_distance_range_mm": [
                    10,
                    1000
                ],
                "enable": true,
                "plane_center_mm": [
                    121.69945526123047,
                    75.36859130859375,
                    35.05228805541992
                ],
                "plane_normal": [
                    -0.006773656477628518,
                    0.017440263604736973,
                    0.9998249620725221
                ]
            },
            "dbscan_removal": {
                "distance_threshold_mm": 3,
                "min_points": 3,
                "min_num_cluster": 10000
            },
            "estimate_normal": {
                "search_radius_pixel": 10,
                "distance_threshold_mm": 500
            }
        },
        "capture_options": {
            "capture_mode": "CaptureMode_Normal",
            "confidence_threshold": 0.0,
            "exposure_time_2d": 7,
            "exposure_time_3d": 7,
            "gain_2d": 0.0,
            "gain_3d": 0.0,
            "gamma_2d": 1.0,
            "gamma_3d": 1.0,
            "hdr_exposure_times": 0,
            "light_contrast_threshold": 3,
            "phase_filter_range": 0,
            "projector_brightness": 240,
            "scan_times": 2,
            "use_projector_capturing_2d_image": true,
            "hdr_exposuretime_content_1": 11,
            "hdr_exposuretime_content_2": 20,
            "hdr_exposuretime_content_3": 50,
            "hdr_gain_3d_1": 0,
            "hdr_gain_3d_2": 0,
            "hdr_gain_3d_3": 0,
            "hdr_projector_brightness_1": 240,
            "hdr_projector_brightness_2": 240,
            "hdr_projector_brightness_3": 240,
            "hdr_scan_times_1": 2,
            "hdr_scan_times_2": 2,
            "hdr_scan_times_3": 2
        }
    },
    "file_P2GM453B001": {
        "type": "File",
        "sensor_name": "RVC",
        "sn": "file_P2GM453B001",
        "post_process_config": {
            "crop_by_plane": {
                "crop_distance_range_mm": [
                    10,
                    1000
                ],
                "enable": true,
                "plane_center_mm": [
                    121.69945526123047,
                    75.36859130859375,
                    35.05228805541992
                ],
                "plane_normal": [
                    -0.006773656477628518,
                    0.017440263604736973,
                    0.9998249620725221
                ]
            },
            "dbscan_removal": {
                "distance_threshold_mm": 1,
                "min_points": 5,
                "min_num_cluster": 100000
            },
            "estimate_normal": {
                "enable": true,
                "search_radius_pixel": 10
            }
        },
        "frame_pose": [
            [
                1.0,
                0.0,
                0.0,
                0.0
            ],
            [
                0.0,
                1.0,
                0.0,
                0.0
            ],
            [
                0.0,
                0.0,
                1.0,
                0.0
            ],
            [
                0.0,
                0.0,
                0.0,
                1.0
            ]
        ],
        "intrinsic_matrix": [
            [
                3567.550048828125,
                0.0,
                1236.3238525390625
            ],
            [
                0.0,
                3567.724853515625,
                1039.1087646484375
            ],
            [
                0.0,
                0.0,
                1.0
            ]
        ],
        "distortion": [
            -0.0817466750741005,
            0.32718876004219055,
            -0.7171556353569031,
            -0.0009933279361575842,
            0.00018277716299053282
        ],
        "extrinsic_matrix": [
            [
                -0.9893519282341003,
                -0.007461852859705687,
                0.14535169303417206,
                111.41663789749146
            ],
            [
                -0.007521664723753929,
                0.9999716877937317,
                0.00013806758215650916,
                -71.04718685150146
            ],
            [
                -0.14534860849380493,
                -0.000956689240410924,
                -0.9893800616264343,
                660.4133248329163
            ],
            [
                0.0,
                0.0,
                0.0,
                1.0
            ]
        ],
        "data_dir": "/home/rvbust/Rvbust/Data/sensor/P2GM453B001/",
        "unit": "mm"
    },
    "G1GM150B010": {
        "post_process_config": {
            "crop_by_plane": {
                "crop_distance_range_mm": [
                    10,
                    1500
                ],
                "enable": true,
                "plane_center_mm": [
                    72.10713958740234,
                    -84.27320098876953,
                    1379.1700439453125
                ],
                "plane_normal": [
                    0.20535990661682174,
                    0.021901304592100254,
                    -0.9784414349420687
                ]
            },
            "dbscan_removal": {
                "distance_threshold_mm": 3,
                "min_points": 3,
                "min_num_cluster": 100
            }
        },
        "sensor_name": "RVC"
    },
    "file_P2GM353B001": {
        "type": "File",
        "sensor_name": "file_DP5330_right",
        "sn": "file_P2GM353B001",
        "data_dir": "/home/rvbust/Rvbust/Sources/shoes_gluing_Vision/tmp/raw_data_DP5330_right",
        "unit": "mm",
        "post_process_config": {
            "crop_by_plane": {
                "enable": true,
                "plane_center_mm": [
                    201.1855926513672,
                    6.161540985107422,
                    -284.4130859375
                ],
                "plane_normal": [
                    0.00575103375119916,
                    -0.434404602668893,
                    0.9006994875045027
                ],
                "crop_distance_range_mm": [
                    100,
                    700
                ]
            },
            "dbscan_removal": {
                "distance_threshold_mm": 3,
                "min_points": 3,
                "min_num_cluster": 100000
            },
            "estimate_normal": {
                "enable": true,
                "search_radius_pixel": 5,
                "distance_threshold_mm": 10
            }
        },
        "frame_pose": [
            [
                9.935222014089184484e-01,
                8.069161679893221972e-02,
                8.001532519644360963e-02,
                7.827223261496352791e+01
            ],
            [
                3.207519502293722236e-02,
                -8.746203321484495863e-01,
                4.837462268930162179e-01,
                -2.571668736128627870e+02
            ],
            [
                1.090173083962374390e-01,
                -4.780461198809050627e-01,
                -8.715429944523416239e-01,
                5.376811413709226599e+02
            ],
            [
                0.000000000000000000e+00,
                0.000000000000000000e+00,
                0.000000000000000000e+00,
                1.000000000000000000e+00
            ]
        ],
        "intrinsic_matrix": [
            [
                3.572829833984375000e+03,
                0.000000000000000000e+00,
                1.212020507812500000e+03
            ],
            [
                0.000000000000000000e+00,
                3.572939697265625000e+03,
                1.047328613281250000e+03
            ],
            [
                0.000000000000000000e+00,
                0.000000000000000000e+00,
                1.000000000000000000e+00
            ]
        ],
        "distortion": [
            -6.795667856931686401e-02,
            1.837509572505950928e-01,
            -2.949918210506439209e-01,
            -3.216644981876015663e-04,
            -1.629155245609581470e-03
        ],
        "extrinsic_matrix": [
            [
                -9.928653836250305176e-01,
                1.060577481985092163e-02,
                1.187681704759597778e-01,
                1.117532551288604736e+02
            ],
            [
                1.096545439213514328e-02,
                9.999370574951171875e-01,
                2.375328447669744492e-03,
                -7.205517590045928955e+01
            ],
            [
                -1.187355071306228638e-01,
                3.660728456452488899e-03,
                -9.929191470146179199e-01,
                6.475289463996887207e+02
            ],
            [
                0.000000000000000000e+00,
                0.000000000000000000e+00,
                0.000000000000000000e+00,
                1.000000000000000000e+00
            ]
        ]
    },
    "file_P2GM353B020": {
        "type": "File",
        "sensor_name": "file_DP5330_left",
        "sn": "file_P2GM353B020",
        "param_535A_path": null,
        "data_dir": "/home/rvbust/Rvbust/Sources/shoes_gluing_Vision/tmp/raw_data_DP5330_left",
        "unit": "mm",
        "post_process_config": {
            "crop_by_plane": {
                "enable": true,
                "plane_center_mm": [
                    24.20415687561035,
                    25.78396224975586,
                    -289.88934326171875
                ],
                "plane_normal": [
                    -0.019301309572084185,
                    -0.4753642782234815,
                    0.8795773203294132
                ],
                "crop_distance_range_mm": [
                    100,
                    700
                ]
            },
            "dbscan_removal": {
                "distance_threshold_mm": 3,
                "min_points": 3,
                "min_num_cluster": 100000
            },
            "estimate_normal": {
                "enable": true,
                "search_radius_pixel": 5,
                "distance_threshold_mm": 10
            }
        },
        "frame_pose": [
            [
                -9.918056859559735150e-01,
                -9.039801407924971666e-02,
                -9.027619894667246458e-02,
                1.936594474604588640e+02
            ],
            [
                -4.173490791706602199e-02,
                8.971183173983037218e-01,
                -4.398146383727533082e-01,
                3.064830601224401221e+02
            ],
            [
                1.207468061544133553e-01,
                -4.324429563970305646e-01,
                -8.935397708975211239e-01,
                5.608472957432456951e+02
            ],
            [
                0.000000000000000000e+00,
                0.000000000000000000e+00,
                0.000000000000000000e+00,
                1.000000000000000000e+00
            ]
        ],
        "intrinsic_matrix": [
            [
                3.572805908203125000e+03,
                0.000000000000000000e+00,
                1.212836181640625000e+03
            ],
            [
                0.000000000000000000e+00,
                3.572878662109375000e+03,
                1.052867675781250000e+03
            ],
            [
                0.000000000000000000e+00,
                0.000000000000000000e+00,
                1.000000000000000000e+00
            ]
        ],
        "distortion": [
            -7.064761221408843994e-02,
            1.965069323778152466e-01,
            -2.579344213008880615e-01,
            5.627953214570879936e-04,
            -8.895469363778829575e-05
        ],
        "extrinsic_matrix": [
            [
                -9.902044534683227539e-01,
                5.370869766920804977e-03,
                1.395217776298522949e-01,
                1.077267751097679138e+02
            ],
            [
                6.583757232874631882e-03,
                9.999444484710693359e-01,
                8.233083412051200867e-03,
                -7.299840450286865234e+01
            ],
            [
                -1.394698172807693481e-01,
                9.071012958884239197e-03,
                -9.901847839355468750e-01,
                6.540366411209106445e+02
            ],
            [
                0.000000000000000000e+00,
                0.000000000000000000e+00,
                0.000000000000000000e+00,
                1.000000000000000000e+00
            ]
        ]
    }
}